351
2 1 3 1 4 1 5 1 6 1 7 1 8 1 9 1 10 1 11 1
1 2 1 3 1 4 1 5 1 6 1 7 1 8 1 9 1 10 1 11 1 12 1 13 1 14 1 15 1 16 1 17 1 18 1 19 1 20 1 21 1 22 1 23 1 24 1 25 1 26 1 27 1 28 1 29 1 30 1 31 1 32 1 33 1 34 1 35 1 36 1 37 1 38 1 39 1 40 1 41
2 42 3 42 4 42 5 42 6 42 7 42 8 42 9 42 10 42 11 42
11 2 11 3 11 4 11 5 11 6 11 7 11 8 11 9 11 10 11 11 11 12 11 13 11 14 11 15 11 16 11 17 11 18 11 19 11 20 11 21
11 28 11 29 11 30 11 31 11 32 11 33 11 34 11 35 11 36 11 37 11 38 11 39 11 40 11 41
12 22 13 22 14 22 15 22 16 22 17 22 18 22 19 22 20 22 21 22
12 27 13 27 14 27 15 27
15 28 15 29 15 30 15 31 15 32 15 33 15 34 15 35 15 36 15 37 15 38 15 39 15 40 15 41 15 42 15 43 15 44 15 45 15 46 15 47 15 48 15 49 15 50 15 51
21 23 21 24 21 25 21 26 21 27 21 28 21 29 21 30 21 31 21 32 21 33 21 34 21 35 21 36 21 37 21 38
16 52 17 52 18 52 19 52 20 52 21 52 22 52 23 52 24 52 25 52 26 52 27 52 28 52 29 52 30 52 31 52 32 52 33 52 34 52 35 52 36 52 37 52 38 52 39 52 40 52
22 39 23 39 24 39 25 39 26 39 27 39 28 39 29 39 30 39 31 39
31 19 31 20 31 21 31 22 31 23 31 24 31 25 31 26 31 27 31 28 31 29 31 30 31 31 31 32 31 33 31 34 31 35 31 36 31 37 31 38
32 18 33 18 34 18 35 18 36 18 37 18 38 18 39 18 40 18
40 19 40 20 40 21 40 22 40 23 40 24 40 25 40 26 40 27 40 28 40 29 40 30 40 31 40 32 40 33 40 34 40 35 40 36 40 37 40 38 40 39 40 40 40 41 40 42 40 43 40 44 40 45 40 46 40 47 40 48 40 49 40 50 40 51
