16 46 70 80 50 35 1 2 machoc
8 46 63 60 55 71 1 2 roucoups
24 46 50 50 95 35 1 2 osselait
4 46 58 64 58 80 1 2 reptincel
12 46 10 55 25 95 1 2 taupiqueur
20 46 30 105 90 50 1 2 krabby
28 46 90 85 100 85 1 2 artikodin
2 46 60 62 63 60 1 2 herbizarre
6 46 59 63 80 58 1 2 carabaffe
10 46 55 81 60 97 1 2 rattatac
14 46 40 80 35 70 1 2 ferossinge
18 46 40 80 100 20 1 2 racaillou
22 46 40 30 50 100 1 2 voltorbe
26 46 20 10 55 80 1 2 magicarpe
30 46 90 100 90 90 1 2 sulfura
1 20 45 49 49 45 1 2 bulbizarre
3 20 39 52 43 65 1 2 salameche
5 20 44 48 65 43 1 2 carapuce
7 46 40 45 40 56 1 2 roucool
9 46 30 56 35 72 1 2 rattata
11 46 35 55 40 90 1 2 pikachu
13 46 35 100 50 120 1 2 triopikeur
15 46 65 105 60 95 1 2 colossinge
17 46 80 100 70 45 1 2 machopeur
19 46 55 95 115 35 1 2 gravalanch
21 46 55 130 115 75 1 2 kraboss
23 46 60 50 70 150 1 2 electrode
25 46 60 80 110 45 1 2 ossatueur
27 46 95 125 79 81 1 2 levatior
29 46 90 90 85 100 1 2 electhor
31 46 106 110 90 130 1 2 mewtwo
